1:ItNr	2:Metric	3a:Time	3b:StepSize	4:||Gradient||	Time[ms]
0	-1.145470	0.000000	161.885986	0.005944	125
1	-1.160649	0.000000	161.885986	0.012139	11
2	-1.189604	0.000000	161.885986	0.005311	11
3	-1.195284	0.000000	161.885986	0.008379	11
4	-1.199290	0.000000	161.885986	0.007150	11
5	-1.176499	0.000000	161.885986	0.003846	11
6	-1.169742	0.000000	161.885986	0.005089	11
7	-1.186809	0.000000	161.885986	0.002792	11
8	-1.205220	0.000000	161.885986	0.003321	11
9	-1.165598	0.000000	161.885986	0.004169	11
10	-1.189933	0.000000	161.885986	0.003282	11
11	-1.187218	0.000000	161.885986	0.003800	11
12	-1.178341	0.170101	160.585240	0.003742	11
13	-1.223653	0.063018	161.401641	0.004435	11
14	-1.196447	0.000000	161.885986	0.003470	11
15	-1.182556	0.000000	161.885986	0.003006	11
16	-1.219105	0.000000	161.885986	0.006686	11
17	-1.213885	0.000000	161.885986	0.003988	11
18	-1.193003	0.000000	161.885986	0.003982	11
19	-1.181240	0.000000	161.885986	0.003716	11
20	-1.213590	0.000000	161.885986	0.002563	11
21	-1.213706	0.000000	161.885986	0.003682	11
22	-1.197708	0.000000	161.885986	0.002567	11
23	-1.203784	0.921284	155.082416	0.004568	11
24	-1.184177	1.816344	148.998705	0.002540	11
25	-1.212666	1.709185	149.701794	0.001784	11
26	-1.219790	1.619597	150.294708	0.004344	11
27	-1.205787	1.664975	149.993800	0.004850	11
28	-1.207047	1.557781	150.706569	0.006424	11
29	-1.224559	2.557780	144.309255	0.003300	11
30	-1.189144	3.557759	138.433060	0.003723	11
31	-1.225343	3.450575	139.039908	0.004544	11
32	-1.226991	4.450574	133.576778	0.004748	11
33	-1.192891	5.450574	128.526726	0.002674	11
34	-1.235341	6.348954	124.304782	0.003057	11
35	-1.201265	6.241800	124.793723	0.002808	11
36	-1.186713	6.134608	125.286710	0.001964	11
37	-1.236623	6.030793	125.767885	0.003794	11
38	-1.219782	7.005701	121.389772	0.004920	11
39	-1.196810	8.005701	117.204740	0.002298	11
40	-1.180947	8.995618	113.336744	0.002818	11
41	-1.192517	8.888431	113.743196	0.002726	11
42	-1.210500	8.781237	114.152602	0.004717	11
43	-1.206924	9.781237	110.444092	0.003409	11
44	-1.183723	10.781237	106.968956	0.001787	11
45	-1.199550	10.674043	107.330969	0.003163	11
46	-1.235305	10.683753	107.298075	0.002880	11
47	-1.188023	11.681395	104.022663	0.003285	11
48	-1.180391	12.680517	100.936862	0.004944	11
49	-1.233618	12.573323	101.259137	0.002167	11
50	-1.197470	13.012022	99.953062	0.003606	11
51	-1.210257	14.005279	97.116943	0.001511	11
52	-1.223889	13.898152	97.415065	0.004046	11
53	-1.191055	13.791262	97.714354	0.001902	11
54	-1.199219	14.751063	95.091038	0.002486	11
55	-1.210882	15.245953	93.792697	0.003742	11
56	-1.233879	15.138963	94.070374	0.002807	11
57	-1.207689	15.378323	93.451414	0.001865	11
58	-1.219718	15.271157	93.727524	0.002205	11
59	-1.223909	15.164122	94.004929	0.002634	11
60	-1.220139	15.056934	94.284382	0.004308	12
61	-1.204032	16.027124	91.813928	0.002812	11
62	-1.226432	15.919930	92.080503	0.005277	11
63	-1.221345	16.919930	89.652216	0.002492	11
64	-1.245551	16.812809	89.906193	0.003544	11
65	-1.209348	16.705878	90.161160	0.001776	12
66	-1.231522	17.101560	89.224842	0.003667	12
67	-1.216280	18.096388	86.954470	0.002106	11
68	-1.210152	17.997681	87.174560	0.002611	11
69	-1.206398	17.933818	87.317553	0.001491	11
70	-1.220937	17.827752	87.556080	0.001870	11
71	-1.218318	17.731793	87.773002	0.002256	11
72	-1.227536	17.629050	88.006453	0.002351	11
73	-1.216917	17.571902	88.136843	0.001805	11
74	-1.209034	17.464887	88.382053	0.002412	11
75	-1.209860	17.638986	87.983823	0.002962	11
76	-1.201428	17.531793	88.228589	0.003400	11
77	-1.237604	18.531792	85.996751	0.003620	11
78	-1.237899	18.424598	86.230574	0.004560	11
79	-1.226291	19.424598	84.097453	0.004517	11
80	-1.212786	19.317403	84.321048	0.002242	11
81	-1.232760	19.293551	84.370964	0.003903	11
82	-1.225999	19.663878	83.602594	0.003841	11
83	-1.239823	19.556685	83.823561	0.002034	11
84	-1.198025	19.450253	84.044115	0.003106	11
85	-1.231473	19.349889	84.253162	0.002322	11
86	-1.206735	20.307337	82.300289	0.004608	11
87	-1.212185	20.200142	82.514417	0.002179	11
88	-1.193440	21.196949	80.565201	0.002340	11
89	-1.211106	22.164013	78.760186	0.003083	11
90	-1.206654	22.056927	78.956069	0.002530	11
91	-1.195434	23.000811	77.262343	0.003136	11
92	-1.192170	22.894069	77.450230	0.004551	11
93	-1.238118	23.894069	75.725053	0.003564	11
94	-1.219467	24.849547	74.146985	0.005207	11
95	-1.184901	24.743399	74.319045	0.004197	11
96	-1.187808	25.743399	72.729108	0.002548	11
97	-1.224489	26.734078	71.219680	0.004173	11
98	-1.208401	26.626888	71.379967	0.003479	11
99	-1.209502	26.519694	71.540985	0.004218	11
100	-1.224540	26.415845	71.697672	0.004850	11
101	-1.218538	26.308651	71.860128	0.004118	12
102	-1.214828	27.308410	70.372958	0.003472	12
103	-1.229756	28.250778	69.026437	0.002835	11
104	-1.204423	28.164239	69.147937	0.003897	11
105	-1.206469	29.163817	67.770077	0.002020	11
106	-1.188207	30.163799	66.445529	0.002138	11
107	-1.227855	30.056747	66.584848	0.002317	11
108	-1.226933	30.218254	66.374885	0.002449	11
109	-1.225655	30.111162	66.513959	0.002254	11
110	-1.212827	31.100349	65.251112	0.004331	11
111	-1.210977	30.993155	65.385640	0.003394	11
112	-1.180839	31.958475	64.193799	0.002721	11
113	-1.189695	32.957175	63.005629	0.003455	11
114	-1.208122	32.859738	63.119611	0.003326	11
115	-1.213332	33.859502	61.969314	0.003321	11
116	-1.223759	34.843674	60.877186	0.002404	11
117	-1.232038	34.757374	60.971410	0.003565	11
118	-1.193183	34.652901	61.085867	0.002475	11
119	-1.235871	35.642376	60.018770	0.001605	11
120	-1.214787	35.554068	60.112488	0.002122	11
121	-1.229398	35.464388	60.207962	0.004145	11
122	-1.211612	35.357274	60.322395	0.003817	11
123	-1.160501	36.357274	59.270699	0.001265	11
124	-1.205514	36.252514	59.379152	0.003351	11
125	-1.217192	36.661723	58.957755	0.001690	11
126	-1.202823	36.554543	59.067547	0.002586	11
127	-1.242072	37.317668	58.294611	0.003356	11
128	-1.191919	38.317666	57.311859	0.001875	11
129	-1.188181	38.210476	57.415612	0.002105	11
130	-1.233321	38.132316	57.491503	0.001301	11
131	-1.231435	38.138848	57.485153	0.001948	11
132	-1.247065	38.040782	57.580635	0.001891	11
133	-1.220936	37.934901	57.684083	0.002089	11
134	-1.221992	38.160688	57.463932	0.002532	11
135	-1.225445	38.099093	57.523822	0.001887	11
136	-1.210463	37.995182	57.625142	0.002770	11
137	-1.244471	38.956672	56.701041	0.001653	11
138	-1.235832	39.060846	56.602694	0.001412	11
139	-1.188673	38.969834	56.688596	0.001645	11
140	-1.205212	38.868119	56.784909	0.002641	11
141	-1.211121	39.795355	55.918840	0.002236	11
142	-1.200937	39.688163	56.017608	0.001473	11
143	-1.217257	39.756420	55.954675	0.003202	11
144	-1.212843	39.707584	55.999687	0.002534	11
145	-1.209493	40.707568	55.092200	0.002584	11
146	-1.201611	41.704445	54.216343	0.003746	11
147	-1.196995	41.601312	54.305662	0.002173	11
148	-1.207590	42.009099	53.954203	0.003257	11
149	-1.206931	42.062291	53.908693	0.001801	11
150	-1.215228	42.004390	53.958235	0.003718	11
151	-1.234154	41.898406	54.049155	0.003972	11
152	-1.197949	42.826505	53.263229	0.002363	11
153	-1.229896	42.860270	53.235066	0.002536	11
154	-1.209716	43.791723	52.469753	0.004661	11
155	-1.209342	44.791480	51.672431	0.002347	11
156	-1.209407	44.684306	51.756743	0.002565	11
157	-1.242164	44.577189	51.841285	0.001108	11
158	-1.213126	44.521894	51.885035	0.002418	11
159	-1.200856	44.435254	51.953733	0.003869	11
160	-1.196487	44.328085	52.038962	0.002153	11
161	-1.237187	45.280726	51.291015	0.003391	11
162	-1.186649	45.173532	51.374101	0.003100	11
163	-1.216439	45.066921	51.457003	0.002307	11
164	-1.238886	44.962504	51.538457	0.001767	11
165	-1.237427	44.855907	51.621880	0.002875	11
166	-1.206212	45.837503	50.863745	0.002458	11
167	-1.245035	46.832921	50.117342	0.004131	11
168	-1.222387	46.725739	50.196657	0.002950	11
169	-1.232349	46.618545	50.276233	0.002349	11
170	-1.216736	46.511360	50.356055	0.003189	11
171	-1.242342	46.520072	50.349557	0.002890	11
172	-1.220206	46.708163	50.209688	0.003323	11
173	-1.235001	46.600968	50.289305	0.003386	11
174	-1.212801	47.600968	49.556235	0.002140	11
175	-1.211267	47.501597	49.628124	0.003568	11
176	-1.211539	47.394402	49.705906	0.001991	11
177	-1.224670	47.287794	49.783504	0.002409	11
178	-1.192392	47.339879	49.745562	0.003772	11
179	-1.201663	47.232754	49.823662	0.004696	11
180	-1.220647	47.125561	49.902058	0.003217	11
181	-1.228446	48.125561	49.180154	0.002177	11
182	-1.222011	49.124672	48.479452	0.003056	11
183	-1.236771	49.023364	48.549591	0.003616	11
184	-1.217199	48.916176	48.624023	0.004892	11
185	-1.210257	49.916176	47.938368	0.003331	11
186	-1.202946	49.808981	48.010939	0.003235	11
187	-1.196565	49.701787	48.083731	0.002865	11
188	-1.220905	50.700465	47.413998	0.001615	11
189	-1.204897	50.740757	47.387369	0.001793	11
190	-1.218790	50.634357	47.457754	0.002488	11
191	-1.208469	50.576522	47.496101	0.001789	11
192	-1.218896	50.469859	47.566985	0.002010	11
193	-1.227383	50.416673	47.602410	0.001286	11
194	-1.190143	51.029709	47.197271	0.004195	11
195	-1.207052	50.926226	47.265176	0.001402	11
196	-1.205591	50.906113	47.278396	0.001945	11
197	-1.208350	50.822023	47.333751	0.003078	11
198	-1.206090	50.758854	47.375418	0.002288	11
199	-1.199650	50.651737	47.446243	0.003444	11
200	-1.193677	50.545581	47.516641	0.004498	11
201	-1.207657	51.544264	46.862502	0.001841	11
202	-1.228742	52.024789	46.554133	0.004744	11
203	-1.189313	51.917594	46.622571	0.003066	11
204	-1.205416	51.810400	46.691211	0.002546	11
205	-1.240434	52.607650	46.185495	0.003031	11
206	-1.206651	53.432591	45.673618	0.003216	11
207	-1.198084	53.331020	45.736029	0.002446	11
208	-1.217451	53.378604	45.706769	0.002796	11
209	-1.207220	53.271410	45.772737	0.003324	11
210	-1.220676	54.271014	45.164872	0.003178	11
211	-1.237120	55.061272	44.695620	0.001869	11
212	-1.249232	56.061024	44.115761	0.002658	11
213	-1.221869	55.971243	44.167219	0.002831	11
214	-1.219673	55.864079	44.228797	0.003482	11
215	-1.174552	55.756884	44.290564	0.002109	11
216	-1.186035	56.756829	43.720992	0.002888	11
217	-1.203416	56.765155	43.716311	0.002771	11
218	-1.237148	57.760099	43.164061	0.003117	11
219	-1.224371	58.712906	42.648122	0.002857	11
220	-1.247153	59.706304	42.123174	0.002064	11
221	-1.178133	59.969794	41.986098	0.002908	11
222	-1.231208	59.866124	42.039924	0.002043	11
223	-1.221732	59.758944	42.095718	0.002667	11
224	-1.214560	60.151422	41.892127	0.001903	11
225	-1.216548	60.085541	41.926164	0.002116	11
226	-1.205604	60.204794	41.864594	0.003905	11
227	-1.217161	60.112250	41.912359	0.002396	11
228	-1.223452	60.005060	41.967819	0.004040	11
229	-1.216384	61.002845	41.457168	0.002688	11
230	-1.206469	62.002809	40.957719	0.003113	11
231	-1.225945	61.895629	41.010675	0.003736	11
232	-1.219193	62.895629	40.521845	0.002600	11
233	-1.225089	63.895629	40.044532	0.003405	11
234	-1.219759	64.895582	39.578353	0.002379	11
235	-1.204786	65.893611	39.123771	0.001988	11
236	-1.236874	65.787532	39.171591	0.004776	11
237	-1.210364	66.787528	38.725384	0.002735	11
238	-1.233604	67.787528	38.289226	0.003062	11
239	-1.223275	68.766585	37.871617	0.001946	11
240	-1.209264	68.774830	37.868139	0.003288	11
241	-1.189809	69.406484	37.603561	0.002005	11
242	-1.234986	69.300012	37.647899	0.002940	11
243	-1.224248	69.192819	37.692643	0.002418	11
244	-1.236315	69.086119	37.737287	0.001714	11
245	-1.252699	69.239086	37.673317	0.004289	11
246	-1.213841	69.131894	37.718121	0.003149	11
247	-1.261091	69.024707	37.763030	0.003285	11
248	-1.216304	70.015994	37.351740	0.003826	11
249	-1.202513	71.015994	36.945813	0.001406	11
250	-1.216912	70.911149	36.987958	0.004636	11
251	-1.237590	70.873438	37.003140	0.006417	11
252	-1.213920	71.873438	36.604715	0.002633	11
253	-1.224514	71.766244	36.647013	0.006266	11
254	-1.201300	72.739657	36.266462	0.001000	11
255	-1.208954	73.719787	35.891188	0.002679	11
256	-1.223043	73.629192	35.925549	0.001371	11
257	-1.215010	73.525317	35.965029	0.002873	11
258	-1.227723	74.364925	35.648386	0.002738	11
259	-1.217502	74.257753	35.688494	0.004032	11
260	-1.238256	74.150559	35.728699	0.004027	11
261	-1.219402	75.150557	35.357109	0.003885	11
262	-1.210237	75.043363	35.396571	0.003462	11
263	-1.214721	76.043297	35.031845	0.002242	11
264	-1.221127	76.909179	34.722033	0.002791	11
265	-1.186215	76.801985	34.760089	0.003400	11
266	-1.176485	77.746042	34.427767	0.003126	11
267	-1.199959	78.745971	34.082637	0.003118	11
268	-1.226977	78.638783	34.119302	0.001467	11
269	-1.215324	79.488517	33.830788	0.002225	11
270	-1.203031	79.429430	33.850692	0.002672	11
271	-1.241492	80.371370	33.536153	0.002751	11
272	-1.215500	80.265103	33.571345	0.002223	11
273	-1.212345	81.264758	33.243180	0.004536	11
274	-1.201184	81.157640	33.278037	0.001578	11
275	-1.209383	81.050579	33.312949	0.001767	11
276	-1.226834	81.032177	33.318957	0.003405	11
277	-1.228082	80.924984	33.353998	0.003240	11
278	-1.201897	81.924984	33.029937	0.002794	11
279	-1.223160	82.390893	32.881095	0.002202	11
280	-1.238216	83.384854	32.567998	0.001985	11
281	-1.256595	83.277864	32.601413	0.003665	11
282	-1.200462	84.263544	32.296136	0.002883	11
283	-1.228573	85.263544	31.992211	0.001744	12
284	-1.230178	85.849024	31.816909	0.003363	11
285	-1.221837	85.767647	31.841160	0.002030	11
286	-1.233860	86.267450	31.692799	0.004373	11
287	-1.228625	87.218901	31.414159	0.001927	11
288	-1.214138	87.551325	31.317957	0.004345	12
289	-1.221823	87.444189	31.348897	0.002155	12
290	-1.227213	87.337091	31.379888	0.003355	11
291	-1.211799	87.229896	31.410967	0.002181	11
292	-1.223298	87.122702	31.442108	0.001980	11
293	-1.229180	87.691375	31.277603	0.002819	11
294	-1.224757	87.966178	31.198724	0.002744	12
295	-1.193160	87.858984	31.229445	0.002120	12
296	-1.205348	87.753476	31.259743	0.002325	11
297	-1.213491	87.647071	31.290358	0.002521	11
298	-1.224844	87.663752	31.285554	0.003144	11
299	-1.192421	87.558579	31.315864	0.002838	11
300	-1.205793	87.451390	31.346816	0.002285	11
301	-1.187489	87.353143	31.375239	0.002717	12
302	-1.216912	88.098968	31.160750	0.002903	11
303	-1.227842	89.098965	30.877726	0.001912	11
304	-1.233430	88.991794	30.907812	0.002604	11
305	-1.222996	89.985921	30.630964	0.002294	11
306	-1.209433	89.878731	30.660576	0.003801	11
307	-1.209469	90.878730	30.386524	0.003826	11
308	-1.202774	90.771536	30.415666	0.002991	11
309	-1.204208	90.809101	30.405447	0.003039	11
310	-1.224452	90.701907	30.434626	0.002513	11
311	-1.202247	90.594713	30.463860	0.003680	11
312	-1.220025	91.594712	30.193298	0.002122	11
313	-1.211272	91.487518	30.222071	0.003701	11
314	-1.244894	92.487501	29.955772	0.001915	11
315	-1.198949	92.578851	29.931679	0.005948	11
316	-1.219798	92.519342	29.947370	0.002372	11
317	-1.195276	93.519342	29.685865	0.003111	11
318	-1.205979	93.682110	29.643732	0.002232	11
319	-1.217994	93.574916	29.671466	0.004181	11
320	-1.219252	93.467721	29.699252	0.003061	11
321	-1.200416	94.467721	29.442044	0.004585	11
322	-1.213903	94.360527	29.469402	0.003970	11
323	-1.187411	95.360527	29.216142	0.001226	11
324	-1.194776	95.253364	29.243074	0.001940	11
325	-1.224431	95.185308	29.260203	0.002400	11
326	-1.231703	95.326981	29.224568	0.001949	11
327	-1.219722	95.219983	29.251473	0.001848	11
328	-1.237568	95.118025	29.277158	0.002431	11
329	-1.248971	95.010836	29.304208	0.004399	11
330	-1.244741	96.010836	29.053768	0.002498	11
331	-1.232828	96.417120	28.953237	0.002453	11
332	-1.229060	97.262867	28.746180	0.002831	11
333	-1.218510	97.329246	28.730055	0.001667	11
334	-1.240897	97.223270	28.755809	0.002215	11
335	-1.218644	97.116619	28.781773	0.002714	11
336	-1.252374	97.009444	28.807912	0.005319	11
337	-1.215874	98.009443	28.565848	0.001761	11
338	-1.208085	99.005029	28.328860	0.004135	11
339	-1.179707	98.897848	28.354185	0.002269	11
340	-1.216327	98.790653	28.379557	0.001834	11
341	-1.220941	99.780630	28.146945	0.001821	11
342	-1.218089	99.684480	28.169370	0.003081	11
343	-1.215963	100.683945	27.937997	0.002136	11
344	-1.213938	100.603320	27.956521	0.003742	11
345	-1.203832	101.600847	27.729056	0.002523	11
346	-1.229331	101.493653	27.753321	0.002383	11
347	-1.166233	101.386460	27.777629	0.002651	11
348	-1.206815	102.383028	27.553269	0.002306	11
349	-1.252118	102.275834	27.577228	0.002150	11
350	-1.237689	102.170133	27.600893	0.003567	11
351	-1.225804	102.878767	27.443006	0.002788	11
352	-1.209358	103.878767	27.223248	0.002894	11
353	-1.255935	103.771575	27.246636	0.003141	11
354	-1.199176	104.771572	27.030001	0.001904	11
355	-1.213011	104.664386	27.053056	0.002962	11
356	-1.204261	104.557252	27.076140	0.003515	11
357	-1.225684	104.450072	27.099273	0.001913	11
358	-1.216210	104.876156	27.007543	0.003846	11
359	-1.241968	105.873440	26.795251	0.003801	11
360	-1.240671	105.766246	26.817910	0.003420	11
361	-1.231341	105.659052	26.840606	0.003216	11
362	-1.229854	106.659052	26.630354	0.003816	11
363	-1.252058	106.554057	26.652274	0.002708	11
364	-1.237512	106.451064	26.673812	0.002273	11
365	-1.222706	106.615817	26.639376	0.002797	11
366	-1.212873	106.625879	26.637276	0.002133	11
367	-1.219490	106.519387	26.659521	0.003532	11
368	-1.222003	106.412195	26.681949	0.002627	11
369	-1.223630	107.412188	26.474167	0.002116	11
370	-1.208563	107.317624	26.493677	0.002179	11
371	-1.211946	107.210443	26.515825	0.001948	11
372	-1.182686	107.423937	26.471745	0.004108	11
373	-1.232256	107.316744	26.493859	0.001561	11
374	-1.202727	107.253447	26.506935	0.003145	11
375	-1.217734	107.255951	26.506417	0.005642	11
376	-1.201837	107.148757	26.528589	0.002422	11
377	-1.213901	108.148646	26.323201	0.002442	11
378	-1.209278	108.041470	26.345063	0.002079	11
379	-1.243334	109.021567	26.146475	0.002526	11
380	-1.207188	108.997634	26.151289	0.002733	11
381	-1.250688	108.890467	26.172865	0.002680	11
382	-1.232049	109.827905	25.985326	0.002361	11
383	-1.229117	109.804066	25.990061	0.002988	11
384	-1.228818	109.696872	26.011378	0.002780	11
385	-1.218135	110.692512	25.814723	0.004272	11
386	-1.204465	111.690741	25.620520	0.005108	11
387	-1.192491	112.690741	25.428879	0.001940	11
388	-1.235025	112.583546	25.449285	0.001165	11
389	-1.189206	112.522525	25.460915	0.001277	11
390	-1.235427	112.456557	25.473501	0.002330	11
391	-1.210395	112.375901	25.488905	0.002931	11
392	-1.231822	112.299257	25.503561	0.001711	11
393	-1.202842	113.190804	25.334118	0.005563	11
394	-1.235400	114.190783	25.146727	0.002561	11
395	-1.238327	114.083589	25.166682	0.002394	11
396	-1.239208	114.607726	25.069410	0.004968	11
397	-1.220559	114.500532	25.089243	0.002113	11
398	-1.222322	115.500532	24.905439	0.002740	11
399	-1.200377	115.393427	24.924997	0.003525	11
400	-1.225470	116.393427	24.743583	0.003227	11
401	-1.239499	117.393425	24.564792	0.003259	11
402	-1.205233	118.393424	24.388566	0.001747	11
403	-1.209918	118.287203	24.407165	0.001990	11
404	-1.214808	118.180310	24.425910	0.003182	11
405	-1.227239	119.172337	24.253043	0.001953	11
406	-1.251900	119.065143	24.271604	0.001771	11
407	-1.204899	118.968831	24.288305	0.002063	11
408	-1.190976	118.865012	24.306334	0.001717	11
409	-1.211479	118.758755	24.324814	0.001762	11
410	-1.243766	118.652011	24.343407	0.001448	11
411	-1.237779	119.174682	24.252637	0.003544	11
412	-1.224959	119.080347	24.268970	0.001436	11
413	-1.214679	118.978552	24.286619	0.003145	11
414	-1.203989	119.904056	24.127096	0.003943	11
415	-1.225225	119.896639	24.128366	0.002513	11
416	-1.211768	119.789444	24.146737	0.002600	11
417	-1.212491	119.682251	24.165136	0.001323	11
418	-1.242431	119.589171	24.181135	0.003422	11
419	-1.196673	120.577957	24.012253	0.001870	11
420	-1.225838	120.471075	24.030394	0.003121	11
421	-1.236287	120.593404	24.009633	0.002790	11
422	-1.224237	121.589061	23.841981	0.003588	11
423	-1.219991	121.481887	23.859915	0.004655	11
424	-1.219249	121.374692	23.877879	0.002021	11
425	-1.245587	121.267501	23.895870	0.004116	11
426	-1.213518	121.273925	23.894791	0.002608	11
427	-1.206263	122.269639	23.728724	0.001497	11
428	-1.225851	123.185254	23.578040	0.002348	11
429	-1.193660	123.738219	23.487962	0.002852	11
430	-1.197674	124.437425	23.375041	0.002753	11
431	-1.218096	124.330232	23.392282	0.003341	11
432	-1.221687	124.223249	23.409514	0.003075	11
433	-1.227711	124.116207	23.426782	0.002281	11
434	-1.204064	124.010221	23.443904	0.002698	11
435	-1.220556	123.903028	23.461247	0.001536	11
436	-1.229833	124.834088	23.311461	0.002013	11
437	-1.206406	124.727697	23.328480	0.002277	11
438	-1.222145	124.625718	23.344817	0.002970	11
439	-1.221496	124.529997	23.360172	0.004692	11
440	-1.221142	125.467126	23.210708	0.004750	11
441	-1.238473	126.467126	23.053312	0.002151	11
442	-1.202194	126.359932	23.070082	0.001451	11
443	-1.201658	126.346966	23.072112	0.004030	11
444	-1.234512	127.272208	22.928138	0.002314	11
445	-1.213702	128.271378	22.774666	0.002625	11
446	-1.224791	128.166807	22.790631	0.003656	11
447	-1.233604	128.178931	22.788779	0.002002	11
448	-1.208993	128.086370	22.802928	0.001797	11
449	-1.227782	128.018030	22.813385	0.002357	11
450	-1.225748	127.911933	22.829639	0.002242	11
451	-1.204102	127.804789	22.846077	0.001643	11
452	-1.203454	127.697647	22.862539	0.003980	11
453	-1.236107	127.691601	22.863468	0.004218	11
454	-1.217012	127.620736	22.874370	0.002935	11
455	-1.239191	128.620736	22.721488	0.002114	11
456	-1.224078	129.592190	22.574914	0.002772	11
457	-1.210024	129.484996	22.590995	0.003365	11
458	-1.237231	130.484993	22.441865	0.001773	11
459	-1.204061	130.383150	22.456962	0.003577	11
460	-1.225728	130.977942	22.369073	0.001665	11
461	-1.199125	131.977924	22.222852	0.001270	11
462	-1.224472	131.879012	22.237230	0.002798	11
463	-1.232748	132.355874	22.168083	0.002863	11
464	-1.227311	132.248680	22.183589	0.002321	11
465	-1.201956	132.144468	22.198684	0.003116	11
466	-1.214105	133.138319	22.055552	0.003393	11
467	-1.206657	134.138319	21.913385	0.003238	11
468	-1.217248	134.036066	21.927838	0.001179	11
469	-1.236658	133.930148	21.942829	0.003044	11
470	-1.202460	133.924956	21.943564	0.003974	11
471	-1.207473	133.818201	21.958695	0.002676	11
472	-1.237379	133.711007	21.973910	0.003562	11
473	-1.239661	134.711007	21.832790	0.001301	11
474	-1.227170	134.608816	21.847128	0.002489	11
475	-1.217174	134.505836	21.861596	0.002154	11
476	-1.222246	134.433095	21.871827	0.001594	12
477	-1.235762	134.326054	21.886899	0.002247	12
478	-1.215743	134.481631	21.864999	0.002566	11
479	-1.226898	134.374460	21.880081	0.003581	11
480	-1.235088	135.374452	21.740161	0.002680	11
481	-1.224306	136.374451	21.602018	0.003570	11
482	-1.193666	137.374451	21.465620	0.004762	11
483	-1.222391	138.374451	21.330933	0.003314	12
484	-1.221170	139.374451	21.197926	0.005474	11
485	-1.230951	139.880532	21.131244	0.001957	11
486	-1.209812	140.873036	21.001680	0.001445	11
487	-1.240505	140.816685	21.008994	0.002632	11
488	-1.218658	141.289937	20.947730	0.004109	12
489	-1.210599	141.745535	20.889088	0.003590	11
490	-1.176123	141.638368	20.902852	0.001294	12
491	-1.210953	141.545254	20.914826	0.003693	11
492	-1.244900	141.517903	20.918346	0.003177	11
493	-1.239931	141.770558	20.885876	0.002552	11
494	-1.214900	142.770491	20.758353	0.002069	12
495	-1.218477	142.667742	20.771385	0.003725	12
496	-1.211318	142.562771	20.784716	0.003303	12
497	-1.217257	143.562769	20.658413	0.002147	11
498	-1.219900	144.435359	20.549450	0.001896	11
499	-1.232525	144.329833	20.562567	0.002395	11
